0 0 -4.365e-06
0 0 -4.32e-06
0.115302214611 0.946314376576 -4.275e-06
0.115302214611 0.946314376576 -4.32e-06
0.115330562448 0.946146164324 -4.41e-06
0.115275431094 0.946482846394 -4.185e-06
0.115299459047 0.946185198847 -4.05e-06
0.115300647224 0.946099930899 -4.545e-06
0.115282726403 0.945802012896 -4.365e-06
0.115279799171 0.945759403315 -4.455e-06
0.115329882082 0.946010271904 -4.275e-06
0.115292557636 0.945887908961 -4.14e-06
0.115307256794 0.945928011064 -4.23e-06
0.115288477314 0.945889722473 -4.095e-06
0.115238858411 0.945820234402 -4.41e-06
0.115239742086 0.945819539975 -4.365e-06
0.115210823088 0.945788197087 -4.545e-06
0.115243283593 0.945815855733 -4.23e-06
0.115035916901 0.945666106463 -4.23e-06
0.115108829266 0.945710287457 -4.32e-06
0.114996124394 0.945649389738 -4.365e-06
0.114996124394 0.945649389738 -4.275e-06
0.114955125108 0.945638292612 -4.095e-06
0.116936627774 0.939861160824 -4.185e-06
0.117690576247 0.937592568718 -4.32e-06
0.11821592316 0.937532411397 -4.185e-06
0.121714505182 0.937141674944 -4.14e-06
0.121714505182 0.937141674944 -4.365e-06
0.123083301487 0.934855389745 -4.455e-06
0.123814484314 0.933997960797 -4.23e-06
0.123885435642 0.933795004882 -4.185e-06
0.125000175205 0.931999194843 -4.275e-06
0.124915085685 0.931993320372 -4.14e-06
0.129083229313 0.928489360537 -4.23e-06
0.129125773687 0.928492303555 -4.365e-06
0.126770488512 0.928453624881 -4.5e-06
0.124438380385 0.928470981007 -3.96e-06
0.124878235604 0.928327501513 -4.5e-06
0.126249606922 0.927897952979 -4.095e-06
0.126292083773 0.927901748347 -4.455e-06
0.126419479185 0.927913519895 -4.23e-06
0.126419478516 0.927913527308 -4.14e-06
0.126504359768 0.927921888731 -4.32e-06
0.126546775767 0.927926313827 -4.275e-06
0.126546780401 0.92792626941 -4.14e-06
0.126631591783 0.927935312025 -4.23e-06
0.126716363761 0.927944717219 -4.275e-06
0.126631612541 0.927935127108 -4.365e-06
0.126631615925 0.927935097528 -4.41e-06
0.126546913467 0.92792508597 -4.14e-06
0.126504594059 0.927919817884 -4.275e-06
0.126589213409 0.927930509146 -4.455e-06
0.126716078442 0.92794704436 -4.005e-06
0.126716078442 0.92794704436 -4.32e-06
0.126716092127 0.927946948571 -4.275e-06
0.126800379832 0.927960005884 -4.5e-06
0.134047754296 0.929091143798 -4.275e-06
0.139145469476 0.929891559847 -4.275e-06
0.146475682668 0.931045020819 -4.185e-06
0.153341612648 0.932131137371 -4.455e-06
0.16029218273 0.933228076137 -4.365e-06
0.166737364741 0.934244554205 -4.365e-06
0.173097812436 0.935250805545 -4.23e-06
0.17975306859 0.936303999632 -3.915e-06
0.188725501262 0.937720818252 -3.96e-06
0.197654948142 0.939136430866 -4.185e-06
0.204478438884 0.940217886098 -4.005e-06
0.213407636222 0.941635071876 -3.735e-06
0.220104148524 0.942700388856 -3.78e-06
0.226884831223 0.943779498168 -3.825e-06
0.233707565234 0.94486571682 -3.645e-06
0.240488248001 0.945944826143 -3.735e-06
0.247268805553 0.947024721976 -3.42e-06
0.254301788605 0.948146531352 -3.6e-06
0.261123699195 0.949237909797 -3.645e-06
0.268240119341 0.950378097768 -3.285e-06
0.275187848168 0.95149289126 -3.06e-06
0.284408659428 0.952977003955 -2.97e-06
0.293839927609 0.954495398906 -2.925e-06
0.300997924525 0.955645650489 -2.835e-06
0.308324405385 0.956822590025 -2.565e-06
0.315482666662 0.957971195436 -2.565e-06
0.320156459236 0.958721982947 -2.475e-06
0.327061815172 0.959831673468 -2.475e-06
0.334051058556 0.960956912583 -2.475e-06
0.341124244466 0.962097354828 -2.475e-06
0.348281568216 0.963251787716 -2.205e-06
0.355354488542 0.964393875935 -1.845e-06
0.364910990524 0.965939285942 -1.89e-06
0.372193729008 0.967119602012 -1.665e-06
0.379434506413 0.968292257844 -1.575e-06
0.386464863124 0.969430411084 -1.575e-06
0.39353698559 0.970577429508 -1.665e-06
0.400819585795 0.971758597836 -1.26e-06
0.40818630929 0.972953844932 -1.53e-06
0.41546856846 0.974137114502 -1.62e-06
0.422708454763 0.975315258486 -1.215e-06
0.429947933117 0.976495907582 -1.17e-06
0.437356052354 0.977702289832 -1.035e-06
0.444679779355 0.978896246284 -1.26e-06
0.452045526469 0.980097495528 -1.035e-06
0.459369183997 0.981291878055 -1.125e-06
0.466735071256 0.982492267802 -9.9e-07
0.474100748897 0.983693943121 -9.9e-07
0.483865321849 0.985288314126 -9e-07
0.491357268249 0.986510589593 -1.17e-06
0.498765174423 0.987718279478 -1.035e-06
0.506088762477 0.988913088081 -1.035e-06
0.512914743368 0.990263298309 -9.9e-07
0.520948210563 0.992432707487 -1.125e-06
0.528352280033 0.993663700599 -1.17e-06
0.535756207774 0.994895545402 -9.9e-07
0.543244416033 0.996140517226 -1.035e-06
0.548166392428 0.996959130973 -1.17e-06
0.555738663806 0.998218536738 -9e-07
0.565792888968 0.999891158874 -1.215e-06
0.573196814266 1.00112301836 -9.9e-07
0.583293175948 1.00280222602 -1.215e-06
0.593431387258 1.00448974466 -1.35e-06
0.600919885846 1.00573296897 -1.665e-06
0.611142749854 1.00743137518 -1.53e-06
0.62111305485 1.00908870434 -1.8e-06
0.628853598924 1.0103760969 -1.89e-06
0.639034171484 1.01206885008 -1.89e-06
0.646479876534 1.01330943901 -1.89e-06
0.653925727131 1.01454915425 -2.295e-06
0.661539698769 1.01581776668 -2.07e-06
0.669069392102 1.01707323737 -2.43e-06
0.676683067524 1.01834362652 -2.16e-06
0.686988418851 1.02006592304 -2.115e-06
0.694727681763 1.02136099498 -2.43e-06
0.702424587619 1.02265079535 -2.61e-06
0.71024767226 1.02396173998 -2.925e-06
0.717818620639 1.02522907472 -2.745e-06
0.725515976252 1.02651618828 -2.97e-06
0.733213104568 1.02780465993 -2.88e-06
0.741078248804 1.02912265265 -3.105e-06
0.748732570291 1.03040853198 -3.33e-06
0.756681135147 1.03174478292 -3.465e-06
0.766774038022 1.03344465555 -3.285e-06
0.774511641173 1.03474960752 -3.465e-06
0.782164763298 1.03604260638 -3.51e-06
0.783987911701 1.03879145269 -3.51e-06
0.791041635539 1.04004666082 -3.69e-06
0.791335571276 1.04009878925 -3.645e-06
0.799335177332 1.0413871497 -3.825e-06
0.805743964034 1.04235980083 -3.735e-06
0.810891517715 1.043116104 -3.78e-06
0.819206406772 1.04431775271 -3.6e-06
0.826805812498 1.04540144348 -3.78e-06
0.834238571688 1.04644530925 -3.78e-06
0.837702628814 1.04692401795 -3.825e-06
0.838167517088 1.04698678436 -4.095e-06
0.839096494528 1.04711809007 -4.14e-06
0.845168072713 1.04803897522 -3.825e-06
0.849715707649 1.04876839692 -4.05e-06
0.854681385184 1.04958412655 -4.275e-06
0.862678830687 1.05088619947 -3.915e-06
0.86970754589 1.05203444349 -3.915e-06
0.876651774321 1.05317083773 -3.825e-06
0.885447749229 1.05461056229 -4.095e-06
0.891802529761 1.0556520049 -3.96e-06
0.900555967229 1.05708759673 -3.825e-06
0.909729714505 1.05859542438 -4.23e-06
0.916714628463 1.05974723302 -4.23e-06
0.925887459322 1.06126062763 -4.095e-06
0.935059297032 1.06278002919 -3.825e-06
0.944104455772 1.06428130243 -4.275e-06
0.951087620284 1.06544367036 -4.095e-06
0.960426045897 1.06700119381 -4.005e-06
0.967366603857 1.0681597948 -4.23e-06
0.974222829476 1.06930557571 -4.23e-06
0.978807248161 1.07007427762 -4.095e-06
0.985830838685 1.07125346552 -4.23e-06
0.995167153473 1.07282359331 -4.23e-06
1.00450312486 1.0743957616 -4.14e-06
1.01152561177 1.07558150396 -4.185e-06
1.01842161132 1.0767479275 -4.05e-06
1.0254856702 1.07794360285 -4.185e-06
1.03228993984 1.07999664314 -4.095e-06
1.03892197542 1.08431523246 -4.05e-06
1.04282804567 1.08500256249 -3.915e-06
1.04337409505 1.08509841421 -4.185e-06
1.04745688343 1.08576380189 -4.23e-06
1.0540715136 1.08680063903 -3.96e-06
1.0587958702 1.08750351335 -4.095e-06
1.06605284588 1.088571352 -3.915e-06
1.07352104883 1.0896684064 -4.23e-06
1.08086366954 1.09074005427 -4.23e-06
1.09006367048 1.09207840074 -4.275e-06
1.09694239522 1.09308029343 -4.185e-06
1.10597461881 1.09438698235 -4.32e-06
1.11310763526 1.09541826305 -4.365e-06
1.12002972862 1.09641825118 -4.41e-06
1.12724758066 1.09745881932 -4.185e-06
1.13417014158 1.09845556602 -4.275e-06
1.14138835747 1.09949360723 -4.635e-06
1.14835353658 1.10049359772 -4.545e-06
1.15552977704 1.1015239231 -4.455e-06
1.16494387035 1.10287160166 -4.455e-06
1.17423131668 1.10420115001 -4.725e-06
1.18132378342 1.10521479837 -4.68e-06
1.18845847003 1.10623446067 -4.77e-06
1.19559374831 1.10724997446 -4.905e-06
1.20289796797 1.1082891092 -4.995e-06
1.21016014788 1.10932096252 -4.995e-06
1.21729601438 1.11033233483 -4.905e-06
1.22460107865 1.11136551511 -4.86e-06
1.23156856497 1.11234930158 -4.95e-06
1.24119689724 1.11370493467 -5.04e-06
1.24816501065 1.11468426943 -5.04e-06
1.25513323692 1.11566280079 -5.22e-06
1.26243961692 1.11668663533 -5.265e-06
1.2694504766 1.11766823222 -5.265e-06
1.27675667978 1.1186933272 -5.31e-06
1.28414698331 1.11973286768 -5.175e-06
1.29170608461 1.12079704618 -5.535e-06
1.29922270951 1.12185703121 -5.31e-06
1.30974157167 1.12527300348 -5.445e-06
1.31740962429 1.12754558234 -5.355e-06
1.32496544566 1.1286328044 -5.445e-06
1.3350123825 1.130073865 -5.355e-06
1.34261123805 1.13116142645 -5.445e-06
1.35261683542 1.13259032223 -5.355e-06
1.36013188536 1.13366141557 -5.355e-06
1.37013816863 1.13508549961 -5.265e-06
1.37765327955 1.13615616558 -5.04e-06
1.38495753234 1.13719506686 -5.445e-06
1.39243073466 1.13825753177 -5.175e-06
1.399861653 1.1393144337 -5.31e-06
1.40982559349 1.14073336742 -5.085e-06
1.41734058051 1.14180490289 -4.905e-06
1.42502437951 1.14290096729 -4.635e-06
1.4327079871 1.14399837275 -5.085e-06
1.44047602958 1.14510784003 -4.95e-06
1.44807513911 1.14619362576 -4.905e-06
1.4558011582 1.14729570266 -4.725e-06
1.46589156684 1.14873402234 -4.77e-06
1.47095797622 1.14945552155 -4.5e-06
1.47864209234 1.15054936061 -4.59e-06
1.48894379142 1.15201640902 -4.725e-06
1.49650093439 1.15309440646 -4.455e-06
1.50422688724 1.15419694757 -4.23e-06
1.51195322448 1.15529679175 -4.365e-06
1.51976400502 1.1564086388 -4.455e-06
1.53019242832 1.15789327519 -4.14e-06
1.53800314279 1.15900558649 -4.095e-06
1.54577176513 1.16011098629 -4.05e-06
1.55615816123 1.1615882543 -3.78e-06
1.5639267196 1.1626941036 -4.095e-06
1.57165344237 1.16379123597 -3.735e-06
1.5797180775 1.16493539975 -3.78e-06
1.58567320309 1.16353357961 -3.735e-06
1.59209614634 1.16265474746 -3.465e-06
1.59716364424 1.16336856122 -3.51e-06
1.59669911769 1.16330317018 -3.6e-06
1.59864046333 1.16358508079 -3.69e-06
1.60631177817 1.16476521065 -3.6e-06
1.61097959217 1.16555219426 -3.375e-06
1.61770184727 1.16672250144 -3.6e-06
1.62849683109 1.16861737593 -3.33e-06
1.63546618127 1.16985988745 -3.105e-06
1.63433285383 1.16965644122 -3.555e-06
1.63550836706 1.16986623974 -3.375e-06
1.64260918538 1.171099848 -3.24e-06
1.64702452588 1.17184533143 -3.51e-06
1.65678321957 1.17347528783 -3.06e-06
1.66376229484 1.17466196056 -3.105e-06
1.67263400548 1.17616609701 -3.105e-06
1.68083260554 1.17755838177 -3.015e-06
1.68755963567 1.17870092431 -3.015e-06
1.69458055111 1.17989593657 -3.24e-06
1.70134888427 1.18104997378 -3.06e-06
1.70807497867 1.18219801214 -3.015e-06
1.71484264138 1.18335597459 -2.925e-06
1.72165247314 1.18452034685 -2.97e-06
1.72850433957 1.18569191392 -3.015e-06
1.7352722068 1.1868486805 -2.97e-06
1.73985413063 1.18763211616 -2.79e-06
1.74884983431 1.18917023754 -2.655e-06
1.75570170207 1.19034179729 -2.655e-06
1.76251166798 1.19150538452 -2.835e-06
1.7693635319 1.19267696626 -2.52e-06
1.77629905845 1.19386531465 -2.655e-06
1.78331822918 1.19507053225 -2.52e-06
1.79033719079 1.19627696758 -2.565e-06
1.79975092868 1.19790050556 -2.25e-06
1.80681057411 1.19912196935 -2.34e-06
1.81370199399 1.20031515254 -2.385e-06
1.82097174876 1.20157296454 -2.205e-06
1.82576234168 1.20240112555 -2.16e-06
1.83279835937 1.20354964044 -2.16e-06
1.83867173986 1.2040138564 -1.8e-06
1.84499033038 1.20479323321 -1.845e-06
1.85217944854 1.20601665066 -1.89e-06
1.85932638477 1.20723373791 -1.89e-06
1.86659965947 1.20847103377 -1.575e-06
1.87391512094 1.20971463044 -1.62e-06
1.88106255512 1.21092878993 -1.62e-06
1.8882943599 1.21215556563 -1.44e-06
1.89548397697 1.21337604792 -1.26e-06
1.90027705501 1.21418970278 -1.305e-06
1.90750871661 1.21541732239 -1.215e-06
1.9172631953 1.21707233016 -1.125e-06
1.92462091701 1.21832179468 -9.9e-07
1.93202046632 1.21957967333 -9e-07
1.93941979598 1.22083884343 -8.55e-07
1.94681897702 1.22209888671 -7.2e-07
1.95430223966 1.22337324866 -6.75e-07
1.96170142071 1.22463329194 -5.85e-07
1.96910067293 1.22589291697 -4.5e-07
1.97893865992 1.22756561892 -4.95e-07
1.98646426052 1.22884539384 -2.25e-07
1.99394767303 1.23011887528 -1.35e-07
2.00395352988 1.23182193893 -4.5e-08
2.01139490034 1.23308826837 1.8e-07
2.01896224459 1.234376949 1.8e-07
2.02644550723 1.23565131095 4.05e-07
2.03409723773 1.23695251985 4.95e-07
2.04158057406 1.23822644888 4.05e-07
2.0491478408 1.23951558443 6.3e-07
2.05919588824 1.2412249269 5.85e-07
2.06667914955 1.24249929617 6.75e-07
2.07441420038 1.24381929224 7.65e-07
2.08206524727 1.24512451474 6.75e-07
2.08975833121 1.24643691859 7.65e-07
2.09724144758 1.24771213902 1.08e-06
2.10489287343 1.24901513831 8.55e-07
2.11249148444 1.25074077983 9e-07
2.12533212831 1.25351544276 1.035e-06
2.13558256499 1.25530591213 1.125e-06
2.14255563284 1.25652739098 1.305e-06
2.14398377124 1.2567780413 1.305e-06
2.14663406672 1.25721884045 1.35e-06
2.15366488491 1.25835400091 1.35e-06
2.1577097123 1.25898674974 1.35e-06
2.16558958667 1.26021360676 1.305e-06
2.17287899732 1.26135199066 1.575e-06
2.1801688026 1.26248784472 1.53e-06
2.18695288559 1.26354536631 1.395e-06
2.19428516199 1.26468564344 1.485e-06
2.20149127819 1.26580459804 1.71e-06
2.20895105285 1.26695757004 1.485e-06
2.21607429087 1.26805435795 1.53e-06
2.22585385892 1.2695540082 1.665e-06
2.23310529601 1.27065883185 1.665e-06
2.24048393115 1.2717781944 1.8e-06
2.24773728747 1.27287034548 1.665e-06
2.25494960227 1.27394862405 1.62e-06
2.26224746948 1.27503146739 1.575e-06
2.26958879296 1.27611196479 1.62e-06
2.27688891366 1.27717951386 1.575e-06
2.28423216545 1.27824682832 1.665e-06
2.29423492241 1.27969547428 1.845e-06
2.30415382548 1.28112803901 1.845e-06
2.3117522093 1.28221888952 1.71e-06
2.31918229597 1.28328162112 1.8e-06
2.32673997538 1.28435585013 1.8e-06
2.33442526466 1.28544141356 1.8e-06
2.34190041296 1.2864900963 1.62e-06
2.3519955226 1.28789503844 1.53e-06
2.35617779691 1.28847254455 1.53e-06
2.3563890477 1.28850153128 1.755e-06
2.35736045239 1.28863738426 1.485e-06
2.36111259223 1.29042345295 1.26e-06
2.36831886181 1.29516788861 1.35e-06
2.37598847937 1.29635914254 1.53e-06
2.385635842 1.29787638693 1.215e-06
2.394396315 1.29926839446 1.035e-06
2.4052182625 1.3010026867 1.035e-06
2.41229277753 1.30213485495 9.9e-07
2.41915564645 1.30324014758 9.45e-07
2.42841774553 1.30473610156 9.9e-07
2.43540581283 1.30586862139 7.65e-07
2.44479255652 1.30739519641 3.6e-07
2.4540096848 1.30890201413 4.5e-07
2.46095394417 1.31003821933 3.6e-07
2.47029586194 1.31157465609 3.15e-07
2.47728067877 1.31272705302 4.05e-07
2.48666312258 1.31427983474 9e-08
2.49368865562 1.31544739348 -4.5e-08
2.50062971503 1.31660298625 -2.7e-07
2.510094314 1.31818168455 -3.6e-07
2.51951547484 1.31976157945 -7.2e-07
2.52645491767 1.32092684062 -8.55e-07
2.53347758524 1.32211151105 -6.3e-07
2.54054160082 1.32330744174 -9.9e-07
2.54768900662 1.32452176793 -9.9e-07
2.55702143112 1.32611485335 -1.215e-06
2.56660450823 1.32776019477 -1.35e-06
2.57366444946 1.32897994741 -1.485e-06
2.58021943501 1.33011646978 -1.935e-06
2.58080782768 1.33021774108 -1.62e-06
2.58455349977 1.33083069409 -1.89e-06
2.59083052538 1.33181823856 -1.89e-06
2.59559768925 1.3325231481 -1.71e-06
2.60543045911 1.33395535771 -1.935e-06
2.61298410727 1.33505757687 -2.025e-06
2.62020112533 1.33610391144 -2.205e-06
2.62795219955 1.3379652133 -2.295e-06
2.63323832206 1.33952239569 -2.61e-06
2.64252612352 1.34084946025 -2.61e-06
2.64961828931 1.34186521105 -2.88e-06
2.65671039293 1.34288139658 -3.06e-06
2.66380296773 1.34389428856 -3.06e-06
2.66848917286 1.34456324326 -3.015e-06
2.67562414345 1.34558091658 -3.15e-06
2.68499696234 1.34691595958 -3.195e-06
2.69217504265 1.34793338848 -3.42e-06
2.70159113057 1.34926705946 -3.645e-06
2.7088543129 1.35029183229 -3.6e-06
2.71590693806 1.35128268357 -3.6e-06
2.72553604213 1.35263282311 -3.69e-06
2.73263193982 1.35362216757 -3.78e-06
2.73981306656 1.35461786661 -4.05e-06
2.74682544834 1.35558853003 -4.095e-06
2.75628792346 1.35689845529 -4.05e-06
2.76591988603 1.3582280487 -4.14e-06
2.77559433683 1.35956171489 -4.095e-06
2.78277660842 1.36054911904 -4.005e-06
2.79008621733 1.36154964062 -4.095e-06
2.79156507525 1.36175180017 -4.275e-06
2.79236766252 1.36186314385 -4.095e-06
2.79915963432 1.36286868003 -4.5e-06
2.80518705348 1.36379623982 -4.455e-06
2.80961070356 1.36449073365 -4.41e-06
2.81749049108 1.36571814488 -4.41e-06
2.82473532872 1.36686544156 -4.32e-06
2.83214895295 1.36803751681 -4.545e-06
2.83922214678 1.36917787955 -4.59e-06
2.84818657329 1.37064450127 -4.86e-06
2.85731875011 1.37214230116 -4.635e-06
2.86459820215 1.37334271751 -4.23e-06
2.87170852298 1.37452034284 -4.455e-06
2.8786083503 1.37566390553 -4.635e-06
2.88546511016 1.3768064841 -4.5e-06
2.89463413744 1.37834275327 -4.455e-06
2.90157300049 1.37951146138 -4.5e-06
2.9085951423 1.38069924343 -4.68e-06
2.91373727361 1.38213071881 -4.455e-06
2.91782292052 1.38371579095 -4.545e-06
2.92480055944 1.38491088044 -4.41e-06
2.93186170606 1.38612363561 -4.545e-06
2.93081096091 1.38594304544 -4.5e-06
2.93219810276 1.38618049917 -4.41e-06
2.93606781038 1.38682757701 -4.455e-06
2.94166467482 1.38774725473 -4.635e-06
2.9471358263 1.38864295438 -4.32e-06
2.95504877844 1.3899332188 -4.59e-06
2.96165533729 1.391020485 -4.5e-06
2.96868262714 1.39217742293 -4.5e-06
2.97474151153 1.39317850833 -4.455e-06
2.98134737287 1.39427000466 -4.32e-06
2.98803661236 1.39538007325 -4.545e-06
2.99472585057 1.39649014918 -4.275e-06
3.00154136546 1.39762078078 -4.5e-06
3.00818833961 1.39872504014 -4.455e-06
3.01496132565 1.39985144848 -4.5e-06
3.02181851574 1.40099144313 -4.32e-06
3.02859150422 1.40211783678 -4.545e-06
3.03540636263 1.40325241861 -4.23e-06
3.0423050851 1.40440262783 -4.275e-06
3.04911961318 1.40553919198 -4.545e-06
3.0561863241 1.4067190921 -4.365e-06
3.0652713856 1.40824034973 -4.455e-06
3.07216890109 1.40939777532 -4.365e-06
3.07910793186 1.41056548806 -4.365e-06
3.08848590929 1.41214502252 -4.41e-06
3.09538247895 1.41330807054 -4.455e-06
3.10480230046 1.41489593223 -4.635e-06
3.11165654821 1.41605348605 -4.32e-06
3.11880486994 1.4172624091 -4.365e-06
3.1257428107 1.41843658048 -4.455e-06
3.1328064756 1.41963458086 -4.5e-06
3.13675861629 1.42030576298 -4.14e-06
3.13717907642 1.42037704964 -4.59e-06
3.14143111115 1.42106444936 -4.365e-06
3.14695209121 1.42191831606 -4.635e-06
3.15442079706 1.42301190966 -4.365e-06
3.16449710373 1.42394826657 -4.32e-06
3.17007315122 1.42329068397 -4.455e-06
3.17716365328 1.42431798428 -4.5e-06
3.18349440861 1.42523556292 -4.41e-06
3.19062747293 1.42626651284 -4.32e-06
3.19746519572 1.42725399311 -4.23e-06
3.20438711034 1.42825521822 -4.455e-06
3.2111401953 1.42923204028 -4.275e-06
3.22034123406 1.43056323335 -4.41e-06
3.22730512015 1.43157218903 -4.59e-06
3.23422697615 1.43257381929 -4.41e-06
3.24127580706 1.43359131166 -4.635e-06
3.24811370954 1.43457754694 -4.635e-06
3.25524725647 1.43560515232 -4.77e-06
3.26229632433 1.43662100187 -4.86e-06
3.26934550786 1.43763604841 -4.815e-06
3.27639510559 1.4386482143 -4.77e-06
3.28336068187 1.43964543415 -4.68e-06
3.290495301 1.44066556873 -5.04e-06
3.29758740602 1.4416817448 -4.725e-06
3.30738106405 1.44308643965 -4.725e-06
3.31464196818 1.44412723245 -4.725e-06
3.32194484593 1.44517575613 -4.86e-06
3.32920593266 1.44621527428 -4.86e-06
3.336763034 1.4472935613 -4.995e-06
3.3441092875 1.44834001629 -4.95e-06
3.3516244832 1.44941008591 -5.04e-06
3.35897170549 1.45044971697 -4.905e-06
3.3689371895 1.45185776951 -4.905e-06
3.37620085134 1.45287913698 -4.68e-06
3.38371838961 1.45393262418 -4.95e-06
3.39330589128 1.45527233813 -4.725e-06
3.40069763458 1.45630159057 -4.815e-06
3.4079627783 1.45731236541 -4.905e-06
3.41531239907 1.45833490329 -4.635e-06
3.42481652784 1.45965492935 -4.86e-06
3.43453179901 1.46100472429 -4.68e-06
3.44420448 1.46235116636 -4.635e-06
3.45425724819 1.46375096976 -4.635e-06
3.45428596004 1.46490102001 -4.5e-06
3.46084960934 1.46604692565 -4.59e-06
3.46845350553 1.46709866662 -4.32e-06
3.47601515513 1.46814458425 -4.41e-06
3.48344995682 1.46917381338 -4.05e-06
3.49337742742 1.47054574979 -4.23e-06
3.50060130206 1.4715436503 -4.14e-06
3.51065562858 1.47293221622 -3.96e-06
3.51813297355 1.47396512315 -3.87e-06
3.52565268425 1.47500299076 -3.915e-06
3.53317215455 1.47604259843 -3.6e-06
3.5408181698 1.47710108436 -3.78e-06
3.54842188333 1.47815414508 -3.735e-06
3.5561522621 1.47922521404 -3.465e-06
3.56396706252 1.48030844578 -3.375e-06
3.57161289597 1.48136824405 -3.42e-06
3.57934290041 1.48244201136 -3.285e-06
3.5894381852 1.48384569758 -3.15e-06
3.59695662229 1.48489275148 -2.88e-06
3.60447505938 1.48593980538 -2.97e-06
3.61212021171 1.48700450625 -3.15e-06
3.61959647092 1.48804524287 -2.7e-06
3.62711503319 1.48909139738 -2.655e-06
3.62715723045 1.48909757457 -2.745e-06
3.62800176153 1.48921690898 -2.745e-06
3.6369036938 1.49053023571 -2.835e-06
3.64200276756 1.49132193653 -2.745e-06
3.64983822764 1.49255675899 -2.835e-06
3.65746146483 1.49376845001 -2.295e-06
3.66462081623 1.49491023983 -2.61e-06
3.6714426245 1.49600225588 -2.61e-06
3.68091572663 1.49752910355 -2.385e-06
3.68794656211 1.49866429532 -2.385e-06
3.69518756405 1.49983556358 -2.34e-06
3.70180135153 1.50107281887 -2.43e-06
3.70771895336 1.50244239728 -2.115e-06
3.7149162178 1.50361694082 -2.25e-06
3.72198586887 1.50477909051 -2.52e-06
3.73170439549 1.50639063968 -2.34e-06
3.73885565998 1.50758203073 -2.43e-06
3.74600602709 1.50877879574 -2.34e-06
3.75323924057 1.50999723543 -2.385e-06
3.76047145665 1.51122158325 -2.07e-06
3.76749232798 1.51241685375 -2.34e-06
3.77455354345 1.51362920312 -2.385e-06
3.78165537845 1.51485696436 -2.385e-06
3.78867175909 1.5160783189 -2.025e-06
3.78791559557 1.51594614161 -2.475e-06
3.79212082704 1.51665523819 -2.25e-06
3.79872787603 1.51773945695 -2.115e-06
3.80500334871 1.51873698333 -2.25e-06
3.81507076677 1.52032826785 -2.115e-06
3.82244265096 1.52149125954 -2.205e-06
3.82947798791 1.52259821113 -2.385e-06
3.83630200285 1.52367635312 -2.205e-06
3.84300002402 1.5247321392 -2.25e-06
3.84986747736 1.5258085816 -2.115e-06
3.85681900209 1.5268994551 -2.43e-06
3.86389678891 1.52801098622 -2.43e-06
3.87316544378 1.52946576851 -2.61e-06
3.8801593542 1.53056162585 -2.475e-06
3.88942857857 1.53201277561 -1.935e-06
3.89874031805 1.53346807814 -2.385e-06
3.90577693674 1.53456685281 -2.295e-06
3.91277154623 1.53565823903 -2.61e-06
3.91951364686 1.53670819943 -2.205e-06
3.92642461085 1.53778241113 -2.25e-06
3.93590566765 1.53925906018 -2.16e-06
3.94306875578 1.54037716884 -2.61e-06
3.9502737841 1.54150310717 -2.25e-06
3.95743648027 1.54262372349 -2.25e-06
3.96464105064 1.54375258857 -2.565e-06
3.97180349009 1.54487484474 -2.16e-06
3.97909259037 1.54601521425 -2.34e-06
3.9839673444 1.54857260232 -2.565e-06
3.99023417234 1.54992461625 -2.52e-06
3.9974380502 1.55105789198 -2.745e-06
4.00716929315 1.55259078618 -2.52e-06
4.01424685198 1.55370376813 -2.745e-06
4.02393689941 1.55522410369 -2.565e-06
4.03328996409 1.55669116069 -2.655e-06
4.04062083533 1.55784043604 -2.61e-06
4.04786776563 1.55897444677 -2.7e-06
4.05524109706 1.56012822924 -2.655e-06
4.06261436175 1.56128243821 -2.79e-06
4.0725166205 1.56282586034 -2.655e-06
4.07980628111 1.5639626425 -2.835e-06
4.08726489731 1.56512308542 -2.79e-06
4.09480819786 1.56629402744 -3.06e-06
4.10471159349 1.56783013896 -2.97e-06
4.1121288053 1.5689792939 -2.925e-06
4.11975673342 1.5701610953 -3.015e-06
4.12725856763 1.57132113893 -3.06e-06
4.13476060533 1.57247986588 -2.97e-06
4.14222076546 1.57363034223 -2.835e-06
4.14955461599 1.57476045093 -2.925e-06
4.15950169571 1.57629312469 -2.925e-06
4.16704649028 1.57745440122 -2.745e-06
4.17442275142 1.5785893031 -2.79e-06
4.18200983188 1.57975618199 -2.745e-06
4.18968141941 1.5809346849 -2.925e-06
4.19743744936 1.58212523115 -3.105e-06
4.20502507099 1.58328858609 -2.7e-06
4.21269768147 1.5844604085 -2.79e-06
4.22037076922 1.58562910379 -2.61e-06
4.22800203603 1.58678915054 -2.52e-06
4.23563397702 1.58794475247 -2.745e-06
4.24335072271 1.58910999093 -2.43e-06
4.25077268308 1.59022806674 -2.7e-06
4.2558331106 1.59099039116 -2.52e-06
4.2648001518 1.5910823469 -2.295e-06
4.27260152898 1.59225836166 -2.25e-06
4.28019206064 1.59340257554 -2.385e-06
4.28795154279 1.59457041071 -2.295e-06
4.29811484509 1.59609957193 -2.25e-06
4.30579005146 1.59725427162 -2.25e-06
4.31342342085 1.59840040153 -2.07e-06
4.32396654085 1.59998483766 -2.34e-06
4.33176901185 1.60115357288 -2.115e-06
4.33978256989 1.60235249695 -2.25e-06
4.3502003967 1.6039097511 -2.115e-06
4.36083001054 1.60549249724 -2.07e-06
4.36867574531 1.60666026205 -1.89e-06
4.37664802407 1.60784686151 -1.89e-06
4.38466318063 1.60903505186 -1.89e-06
4.39250952686 1.61019870112 -1.89e-06
4.40313983033 1.61177680908 -2.25e-06
4.41115505341 1.61296455029 -2.07e-06
4.41912816096 1.61414556906 -2.34e-06
4.42718536209 1.61534096042 -1.935e-06
4.43524277173 1.61653494551 -1.89e-06
4.4430046161 1.61768697582 -2.025e-06
4.45085055675 1.61885335655 -1.935e-06
4.45873847692 1.62002737259 -2.25e-06
4.46405321478 1.62081920946 -2.205e-06
4.4746400252 1.62239984904 -2.385e-06
4.482569715 1.62358290645 -2.25e-06
4.49319828827 1.62517262401 -2.25e-06
4.50121149564 1.62637388887 -2.43e-06
4.50909769803 1.62755938844 -2.61e-06
4.51719440598 1.62877894851 -2.43e-06
4.52520642552 1.62998811103 -2.295e-06
4.53591682656 1.63160724529 -2.565e-06
4.53917121329 1.63161500775 -2.61e-06
4.54251250013 1.63107583972 -2.79e-06
4.54761545264 1.63184215818 -2.835e-06
4.54896485166 1.63204576297 -2.655e-06
4.55018612768 1.63224067189 -2.43e-06
4.55745026893 1.63352982374 -2.61e-06
4.56147294283 1.63429080704 -2.745e-06
4.57031402273 1.63596561121 -2.565e-06
4.57785357684 1.63740800926 -2.88e-06
4.58702670182 1.63916292541 -2.835e-06
4.59330918356 1.64036743251 -2.925e-06
4.59247163465 1.64020623121 -3.015e-06
4.59343540794 1.64038849618 -2.79e-06
4.59943779204 1.64146629054 -2.79e-06
4.6057011028 1.64253728796 -2.655e-06
4.61222163669 1.64362197528 -2.88e-06
4.6224008125 1.64532310752 -2.925e-06
4.65067040117 1.65002623538 -2.88e-06
4.65067040117 1.65002623538 -3.105e-06
4.65088073991 1.65006123169 -3.24e-06
4.65113299279 1.6501041328 -3.06e-06
4.65130043451 1.65013665852 -3.06e-06
4.65129954917 1.65013971064 -2.97e-06
4.6513384839 1.65015711099 -3.06e-06
4.65137821631 1.65017308803 -3.06e-06
4.65141507982 1.65019444643 -3.06e-06
4.65155051233 1.65029806875 -3.06e-06
4.65151836834 1.65026999666 -3.015e-06
4.65143702107 1.65017141545 -3.015e-06
4.65148534693 1.65024162597 -3.06e-06
4.65148241354 1.65024325734 -3.105e-06
4.65146508001 1.65020434241 -2.88e-06
4.6514661804 1.65020397188 -2.835e-06
4.65146729651 1.65020371093 -2.97e-06
4.6514844378 1.65037337194 -3.015e-06
4.65148275761 1.65033079044 -3.24e-06
4.65147802564 1.65041595116 -3.105e-06
4.64817975017 1.65099570702 -3.06e-06
4.63262727051 1.65363580574 -3.105e-06
4.63261423442 1.65367650996 -2.745e-06
4.62776427907 1.65338378623 -2.835e-06
4.62640381496 1.65336307831 -2.79e-06
4.62351499641 1.65313531556 -3.015e-06
4.61503717163 1.65271481336 -3.015e-06
4.61507215056 1.65269003685 -3.015e-06
4.60643718784 1.65076296163 -2.925e-06
4.60639974992 1.65078344448 -2.745e-06
4.60538848057 1.64649471575 -2.97e-06
4.60453276114 1.64315434115 -2.88e-06
4.60457419665 1.64314412625 -2.925e-06
4.60509489686 1.63719877571 -3.15e-06
4.60505276672 1.6372051795 -2.79e-06
4.60526218064 1.63531287729 -3.105e-06
4.6055053234 1.63392278486 -2.835e-06
4.6054634375 1.63391427315 -2.835e-06
4.60258267016 1.63294871025 -2.88e-06
4.60250148242 1.63292271013 -2.97e-06
4.60132793482 1.63079783731 -3.06e-06
4.60030671699 1.6289882941 -3.195e-06
4.60030600357 1.62898928454 -3.105e-06
4.59605005044 1.62532927862 -3.06e-06
4.59608249854 1.62535732159 -3.105e-06
4.59693716451 1.62448812008 -3.15e-06
4.59944246295 1.62202057889 -2.97e-06
4.59885527895 1.61971432293 -2.835e-06
4.59808126468 1.61653313681 -3.06e-06
4.59806625834 1.61644918452 -3.24e-06
4.59483686859 1.61714748726 -3.105e-06
4.59292127714 1.61768615112 -3.24e-06
4.59291878948 1.61768598654 -3.24e-06
4.5932193411 1.61699395003 -3.15e-06
4.59324682844 1.61686900184 -3.24e-06
4.59332380883 1.61400009541 -3.285e-06
4.59332414487 1.61397305439 -3.105e-06
4.59284188946 1.61283846255 -3.285e-06
4.59226869496 1.6115482533 -3.42e-06
4.59226083545 1.61159016885 -3.285e-06
4.58988338079 1.61094778983 -3.33e-06
4.58983887762 1.61084214657 -3.285e-06
4.59099218824 1.61324282127 -3.195e-06
4.59127522775 1.61367382971 -3.195e-06
4.5955595445 1.61588359735 -3.195e-06
4.59790237009 1.61692268466 -3.015e-06
4.59787487514 1.61709103817 -3.24e-06
4.59860971597 1.61920910929 -3.15e-06
4.59861622594 1.61916696305 -3.06e-06
4.59865404942 1.61891389803 -3.15e-06
4.59866002926 1.61887167332 -3.375e-06
4.59866012512 1.61887168649 -3.15e-06
4.59864880694 1.61895622426 -3.195e-06
4.59863803494 1.61904083315 -3.33e-06
4.59861759888 1.61921018871 -3.33e-06
4.5989526017 1.6162867436 -3.105e-06
4.59989745967 1.60793877436 -3.06e-06
4.6005309592 1.60230234034 -3.06e-06
4.60170326383 1.59200587919 -3.15e-06
4.60246861209 1.58535433737 -3.195e-06
4.60351371754 1.57633105255 -3.105e-06
4.60425871086 1.56993473937 -2.97e-06
4.60504302428 1.56315659879 -2.925e-06
4.6058206537 1.55646354668 -3.06e-06
4.60662566195 1.5495590116 -3.015e-06
4.60741096588 1.54282391878 -2.88e-06
4.60821522004 1.53591929577 -2.88e-06
4.6090074369 1.52914207434 -2.925e-06
4.60981946158 1.52219542266 -3.105e-06
4.61089202703 1.51300359669 -3.105e-06
4.6119604519 1.50385422297 -2.7e-06
4.6130293947 1.494661975 -2.61e-06
4.61381311649 1.48792669799 -2.7e-06
4.61460829846 1.48110688702 -2.43e-06
4.61540841945 1.47424471697 -2.655e-06
4.61620439247 1.46742499831 -2.295e-06
4.61701683854 1.46047839594 -2.7e-06
4.61785031962 1.45336250689 -2.475e-06
4.61868380071 1.44624661783 -2.25e-06
4.61953552891 1.43900405426 -2.25e-06
4.6203694008 1.43193115064 -1.98e-06
4.62149266922 1.42244470744 -2.16e-06
4.62233476777 1.41537277861 -2.205e-06
4.62280431213 1.41143458925 -2.295e-06
4.62288346209 1.41075685882 -2.16e-06
4.62352604401 1.40486399765 -2.115e-06
4.62398930785 1.40045307104 -1.755e-06
4.62450652524 1.3954046181 -2.205e-06
4.62530722419 1.38751297039 -1.935e-06
4.62603203732 1.38038519295 -1.935e-06
4.62671922997 1.37359651844 -1.98e-06
4.62759764274 1.36502692031 -2.07e-06
4.62826594286 1.35849352098 -1.935e-06
4.62917682234 1.34958429505 -2.025e-06
4.62988226878 1.34271174708 -2.115e-06
4.63056234336 1.33609381549 -2.16e-06
4.63126461255 1.32926381154 -1.89e-06
4.63195496581 1.3225611952 -1.89e-06
4.63292262259 1.3131862265 -2.07e-06
4.63362727586 1.3063564681 -2.115e-06
4.63433551364 1.29948420718 -2.07e-06
4.63528884081 1.29023637735 -2.115e-06
4.63600541003 1.2832792312 -2.205e-06
4.63672197924 1.27632208505 -2.07e-06
4.63740911819 1.26966200939 -2.205e-06
4.63812373173 1.26274753389 -2.25e-06
4.63909782347 1.25333035702 -2.295e-06
4.64004519582 1.24416765783 -2.115e-06
4.6410169394 1.23479311187 -2.52e-06
4.64185800605 1.22897951685 -2.385e-06
4.6428043715 1.22442096176 -2.43e-06
4.64357867288 1.21743320085 -2.43e-06
4.64434690965 1.21018130573 -2.475e-06
4.64509514069 1.20314171509 -2.43e-06
4.64586717444 1.19589022321 -2.565e-06
4.64663017856 1.18872354411 -2.52e-06
4.6474071564 1.18142969159 -3.06e-06
4.64817719173 1.17422087445 -2.655e-06
4.64894226818 1.16705441631 -2.745e-06
4.64973581752 1.15963366771 -2.835e-06
4.65049970216 1.1525099715 -2.88e-06
4.6512917192 1.14513194883 -3.015e-06
4.65207049521 1.13788117797 -3.195e-06
4.65286593865 1.13050352394 -2.97e-06
4.65365724468 1.12316831702 -3.15e-06
4.65444855072 1.11583311009 -3.06e-06
4.65523568974 1.10854034715 -3.105e-06
4.65604288606 1.10107817436 -3.15e-06
4.65684593017 1.09365844722 -3.33e-06
4.65791180257 1.08382214609 -3.51e-06
4.65871326216 1.07644514319 -3.42e-06
4.65977002986 1.06673654361 -3.555e-06
4.66057695882 1.05931723796 -3.6e-06
4.6613684108 1.05206783986 -3.645e-06
4.66217209624 1.044733979 -3.78e-06
4.66299522462 1.03723064345 -3.735e-06
4.66381121736 1.02981232919 -3.69e-06
4.66464338107 1.02226708424 -3.825e-06
4.66546621915 1.01480662003 -3.96e-06
4.66629460044 1.0073038626 -3.825e-06
4.66713586579 0.999716718122 -3.915e-06
4.66797757501 0.992129622898 -3.825e-06
4.66881203732 0.984627539423 -4.14e-06
4.66896778194 0.983228864343 -4.185e-06
4.66908506985 0.982169185362 -4.14e-06
4.66975196016 0.975335662633 -4.005e-06
4.67042797652 0.967817668947 -3.915e-06
4.67094821414 0.961741515947 -4.23e-06
4.67076672957 0.955095868586 -4.275e-06
4.669671063 0.950033312204 -4.365e-06
4.66981684384 0.946114869594 -4.185e-06
4.66988380382 0.945264581224 -4.185e-06
4.6698606937 0.94551941922 -4.5e-06
4.67012261909 0.942674162456 -4.23e-06
4.67073797021 0.936221244145 -4.275e-06
4.67131683671 0.930236080222 -4.365e-06
4.67208102209 0.922340813167 -4.365e-06
4.67271759857 0.915847096112 -4.5e-06
4.67342783919 0.908632142465 -4.68e-06
4.67405106821 0.902308519069 -4.545e-06
4.67470848858 0.895645444195 -4.455e-06
4.67536824217 0.888982599944 -4.41e-06
4.67603719539 0.882234957454 -4.59e-06
4.6767099559 0.875444837344 -4.365e-06
4.67737086495 0.868782107608 -4.545e-06
4.67806368379 0.861822556205 -4.725e-06
4.67872463695 0.855202687544 -4.815e-06
4.67940981156 0.848328088859 -4.5e-06
4.68005805409 0.841835525364 -4.635e-06
4.6807464282 0.834961246342 -4.5e-06
4.68141084743 0.828341724662 -4.86e-06
4.68210200618 0.821467725103 -4.77e-06
4.68280251256 0.81450894335 -4.635e-06
4.68373664639 0.80525915507 -4.815e-06
4.68421947121 0.800507264302 -4.905e-06
4.6851707724 0.791173488098 -4.77e-06
4.68613519748 0.781755316343 -4.815e-06
4.68711203542 0.772252678297 -4.95e-06
4.68783831318 0.765210788888 -4.95e-06
4.68857895269 0.75804176403 -5.085e-06
4.68930165988 0.751042378674 -5.085e-06
4.69005149876 0.743788558226 -5.13e-06
4.69101700123 0.734456240061 -4.95e-06
4.69175973597 0.727287431972 -5.085e-06
4.69249378731 0.720246348912 -5.265e-06
4.6932581905 0.712951167888 -5.13e-06
4.69400851808 0.70582603103 -4.995e-06
4.69478206598 0.698488930163 -5.31e-06
4.69580882379 0.688819995919 -5.13e-06
4.69658553643 0.681526115155 -5.265e-06
4.70760013239 0.651796883145 -5.4e-06
4.70760013239 0.651796883145 -5.535e-06
4.70755300441 0.652220731538 -5.265e-06
4.70757633537 0.65200878154 -5.355e-06
4.70756806734 0.652179220526 -5.445e-06
4.70756805059 0.652264559498 -5.355e-06
4.70758728006 0.652391161062 -5.22e-06
4.70759040703 0.652433889657 -5.31e-06
4.70757213968 0.652350465364 -5.625e-06
4.70765902959 0.65259108733 -5.49e-06
4.70764414032 0.652551036368 -5.355e-06
4.70764607372 0.652549919744 -5.175e-06
4.70779874773 0.652755031815 -5.31e-06
4.7078823752 0.652851841179 -5.49e-06
4.70809678801 0.653059301481 -5.04e-06
4.70813030092 0.653085675143 -5.175e-06
4.708166391 0.653108394977 -5.22e-06
4.70827949973 0.653168026665 -5.265e-06
4.70835984025 0.653196429704 -5.22e-06
4.70836025928 0.653194762302 -5.175e-06
4.7084018771 0.653204353908 -5.175e-06
4.70852251257 0.653928804397 -5.265e-06
4.70860375579 0.655505916963 -5.4e-06
4.70863822833 0.656143584959 -5.265e-06
4.70868016153 0.656135820186 -5.13e-06
4.70305096324 0.657971297899 -5.22e-06
4.70289242873 0.658184272865 -5.355e-06
4.70656571037 0.659509757638 -5.4e-06
4.70691429581 0.659558802364 -5.49e-06
4.70692152531 0.659473189975 -5.58e-06
4.70687264484 0.659043131599 -5.4e-06
4.7068034229 0.658862753807 -5.625e-06
4.70635420994 0.658878444339 -5.715e-06
4.70305489241 0.657165755732 -5.49e-06
4.70278968482 0.656894602664 -5.31e-06
4.702636241 0.656772087792 -5.535e-06
4.7011615681 0.655997892984 -5.4e-06
4.7009798557 0.655865293315 -5.76e-06
4.70115644303 0.655971633029 -5.625e-06
4.70455058508 0.658209284681 -5.49e-06
4.70557843518 0.658811107859 -5.58e-06
4.7059853344 0.658898062066 -5.49e-06
4.70686806036 0.659118400055 -5.67e-06
4.70713107749 0.659209430209 -5.4e-06
4.70701010091 0.659490090077 -5.76e-06
4.70590168042 0.661757173873 -5.67e-06
4.70576293839 0.662127561416 -5.805e-06
4.70758437127 0.66144250279 -5.715e-06
4.71146267416 0.660067662645 -5.355e-06
4.71111113256 0.660449883077 -5.625e-06
4.71095976792 0.660556075916 -5.805e-06
4.71095993844 0.660556060764 -5.58e-06
4.70903042251 0.661142222005 -5.805e-06
4.70709287618 0.66168705571 -5.4e-06
4.70709296529 0.661687049636 -5.4e-06
4.70709329215 0.661687029124 -5.625e-06
4.70752728383 0.669650014904 -5.49e-06
4.70778418218 0.674846484998 -5.535e-06
4.70814256179 0.682087448823 -5.31e-06
4.70850258581 0.689669899959 -5.49e-06
4.70892948964 0.698999621448 -5.355e-06
4.70923521721 0.705645375512 -5.58e-06
4.70953915454 0.712376591921 -5.535e-06
4.70985117836 0.719320890575 -5.535e-06
4.71016387217 0.726307848157 -5.445e-06
4.7105724077 0.735510329858 -5.58e-06
4.7108834954 0.742497359158 -5.49e-06
4.71119593789 0.749569704017 -5.4e-06
4.71150067462 0.756514326337 -5.265e-06
4.71180933352 0.763672209709 -5.58e-06
4.71222023984 0.773258767362 -5.58e-06
4.71242030756 0.777945563949 -5.49e-06
4.71272258548 0.785061035542 -5.355e-06
4.71312148648 0.794434681338 -5.58e-06
4.71353001376 0.804064025281 -5.535e-06
4.7139319809 0.81360827817 -5.58e-06
4.71423579933 0.820809053036 -5.445e-06
4.71453920131 0.82800984546 -5.58e-06
4.71483598308 0.835082865069 -5.49e-06
4.71513948973 0.842326336793 -5.535e-06
4.71543146635 0.849314190778 -5.4e-06
4.71572441771 0.856344687244 -5.58e-06
4.71601300268 0.863289999526 -5.535e-06
4.7163025475 0.870277954696 -5.535e-06
4.71670451677 0.879992940191 -5.265e-06
4.71699947015 0.887151401566 -5.445e-06
4.71730104477 0.894523001001 -5.4e-06
4.71759657221 0.901809483945 -5.49e-06
4.71779376447 0.906709813041 -5.49e-06
4.71809056535 0.91416696657 -5.355e-06
4.71838221923 0.921581644394 -5.445e-06
4.71876089504 0.93125488727 -5.22e-06
4.71904083317 0.938456630042 -5.265e-06
4.7193182794 0.945615791402 -5.265e-06
4.71959036959 0.952647126124 -5.355e-06
4.7197728567 0.957377318231 -5.04e-06
4.72014306857 0.96705088866 -5.22e-06
4.72041953392 0.974338119757 -5.31e-06
4.72080091985 0.98439535715 -5.04e-06
4.72108943664 0.992023544773 -4.86e-06
4.72136259189 0.999268224479 -5.265e-06
4.72174516196 1.00958147385 -5.13e-06
4.72203442376 1.01742301256 -4.995e-06
4.72231853032 1.02513671631 -4.905e-06
4.72259173155 1.03263744626 -4.725e-06
4.72295644888 1.04269530215 -4.815e-06
4.72323165153 1.05032398171 -4.635e-06
4.72350247269 1.05786747165 -4.725e-06
4.72387244991 1.06818118045 -4.725e-06
4.72414272835 1.07581003601 -4.59e-06
4.724410381 1.08343898422 -4.545e-06
4.72467670214 1.09106797903 -4.095e-06
4.72040176564 1.09857269895 -4.32e-06
4.71563924349 1.10599815961 -4.32e-06
4.71568626653 1.10740469325 -4.275e-06
4.71574711085 1.10919479332 -4.275e-06
4.71573511622 1.10885383578 -4.185e-06
4.7157485538 1.1091947392 -4.185e-06
4.71576271278 1.10953561359 -4.23e-06
4.71576641799 1.10962082513 -4.23e-06
4.71592882788 1.11302864061 -4.365e-06
4.71627053928 1.1199715407 -4.365e-06
4.71657139262 1.12589170068 -4.185e-06
4.71713319362 1.13683732535 -4.095e-06
4.71761891383 1.14633498109 -3.96e-06
4.71796681099 1.15310677132 -3.555e-06
4.71847149679 1.162859666 -3.6e-06
4.71884028086 1.1699720008 -3.465e-06
4.7192244476 1.1773397577 -3.6e-06
4.71973863097 1.18713486132 -3.15e-06
4.72011893989 1.19433200171 -3.465e-06
4.72050684718 1.20165685714 -3.42e-06
4.72088121522 1.20872619476 -3.105e-06
4.72126362759 1.21592322366 -2.97e-06
4.72164687985 1.22312020789 -2.835e-06
4.72204004772 1.23048748995 -2.97e-06
4.72241545063 1.23751406619 -2.52e-06
4.72280804046 1.24483867214 -2.655e-06
4.72319420627 1.25203550063 -2.43e-06
4.72359178734 1.25944525356 -2.34e-06
4.72399067652 1.26685493619 -2.025e-06
4.72452726234 1.27681967379 -1.98e-06
4.7249325904 1.28435713316 -1.98e-06
4.72534248606 1.29197976223 -1.89e-06
4.72574095158 1.29938946765 -1.845e-06
4.72614801882 1.30692683329 -1.8e-06
4.72668116096 1.31676363225 -1.44e-06
4.72708520811 1.3241730354 -1.485e-06
4.72749608961 1.3316674842 -1.44e-06
4.7279036075 1.33907669728 -1.53e-06
4.7283203364 1.34661353494 -1.26e-06
4.72873084932 1.35402258268 -1.26e-06
4.72914993262 1.36160200135 -1.305e-06
4.72957313164 1.36922390325 -1.35e-06
4.72999900604 1.37684565628 -1.08e-06
4.73042621069 1.38446733487 -1.125e-06
4.73084193315 1.39187609213 -9e-07
4.73088042103 1.39255734252 -1.17e-06
4.73116253733 1.39369504647 -1.035e-06
4.73297291132 1.40328131522 -1.26e-06
4.73330280121 1.40864457778 -1.17e-06
4.73381801641 1.41668819604 -1.035e-06
4.73432376044 1.42460422104 -1.08e-06
4.73480748115 1.43209432129 -1.08e-06
4.73527433811 1.4392008915 -1.305e-06
4.73594016236 1.44911508624 -1.215e-06
4.73661784752 1.45898573094 -1.215e-06
4.7371412398 1.46647316301 -1.395e-06
4.73767038074 1.47387468396 -1.305e-06
4.73822080358 1.48140293747 -1.44e-06
4.73878573799 1.48893011594 -1.44e-06
4.73937426626 1.49654103602 -1.485e-06
4.73997868632 1.50406514364 -1.35e-06
4.74083326262 1.51422165144 -1.44e-06
4.74171146848 1.52429053768 -1.53e-06
4.74188992349 1.52632975481 -1.665e-06
4.74199634838 1.52751909167 -1.71e-06
4.74198237998 1.52734907911 -1.8e-06
4.74194117976 1.5268389862 -1.755e-06
4.74248988581 1.53449563662 -1.755e-06
4.74289020135 1.54002514898 -1.98e-06
4.7434174074 1.54725578172 -1.575e-06
4.74395663675 1.55469933315 -1.935e-06
4.74443323599 1.56137777771 -1.98e-06
4.74491929766 1.56822656403 -2.07e-06
4.74535746337 1.57443744978 -1.935e-06
4.74583240603 1.58115876541 -2.115e-06
4.74631436933 1.58800784178 -2.16e-06
4.7467955456 1.59485697335 -2.205e-06
4.74742612808 1.60387591717 -2.205e-06
4.74790666466 1.61076784401 -2.205e-06
4.74837478999 1.61753238649 -2.385e-06
4.74864556965 1.62144646733 -2.205e-06
4.74864556965 1.62144646733 -2.43e-06
4.74978578703 1.64521498283 -2.205e-06
4.74978578703 1.64521498283 -2.43e-06
4.74978578703 1.64521498283 -2.34e-06
4.74979769747 1.6455559378 -2.385e-06
4.74888777943 1.64248985997 -2.52e-06
4.74798091343 1.63932320237 -2.43e-06
4.74797123523 1.63936479728 -2.295e-06
4.74793197572 1.63948655342 -2.385e-06
4.74790022515 1.63956576579 -2.52e-06
4.74784080317 1.63967908496 -2.52e-06
4.74779559835 1.63975138242 -2.565e-06
4.74774597466 1.63982088839 -2.295e-06
4.7477451762 1.63982010808 -2.565e-06
4.7477134136 1.63984856545 -2.52e-06
4.74767906749 1.63987394787 -2.79e-06
4.74764088165 1.63989293541 -2.52e-06
4.74768170186 1.63988032703 -2.835e-06
4.74780342755 1.63984094402 -2.88e-06
4.74784483477 1.6398306068 -2.52e-06
4.74786939012 1.6383145403 -2.79e-06
4.74779001184 1.63394778804 -2.61e-06
4.74783284716 1.63394714733 -2.88e-06
4.74802665414 1.63478493521 -2.565e-06
4.74806546905 1.63511539064 -2.835e-06
4.74814703128 1.63514041427 -2.655e-06
4.74918862579 1.63390711169 -2.79e-06
4.75194225169 1.63140284789 -2.61e-06
4.75194225169 1.63140284789 -2.655e-06
4.7517576025 1.6312799852 -2.655e-06
4.75258199334 1.633861726 -2.835e-06
4.7525847866 1.63385948723 -2.7e-06
4.75116117347 1.63356131915 -2.745e-06
4.74975084079 1.63311570142 -2.745e-06
4.74978165745 1.63319526829 -2.655e-06
4.75149237921 1.63235890225 -2.565e-06
4.75150266004 1.63240025671 -2.61e-06
4.75166860575 1.63214135775 -2.475e-06
4.75399008528 1.62857205488 -2.52e-06
4.75396865404 1.62891248185 -2.565e-06
4.76540872176 1.63138273926 -2.745e-06
4.76539704825 1.63146722872 -2.61e-06
4.76184130484 1.62843312777 -2.88e-06
4.76147435923 1.62805861173 -2.385e-06
4.76004355694 1.63447045743 -2.61e-06
4.75960457523 1.63643840505 -2.655e-06
4.7596306043 1.63629217043 -2.7e-06
4.76013241108 1.63318403905 -2.565e-06
4.76013248522 1.63318404555 -2.565e-06
4.75609251541 1.6305763424 -2.7e-06
4.75609568233 1.63053381411 -2.745e-06
4.75617879501 1.62933331901 -2.61e-06
4.75626441698 1.62811788663 -2.475e-06
4.75643515637 1.62505212244 -2.475e-06
4.75758287398 1.61519633637 -2.745e-06
4.75783325942 1.61008494017 -2.52e-06
4.75822973768 1.6019918991 -2.43e-06
4.75858492803 1.59500697299 -2.295e-06
4.75894169741 1.58785132605 -2.295e-06
4.7593631744 1.57941793485 -2.385e-06
4.75982480137 1.57013256519 -2.115e-06
4.76028556599 1.56084715273 -2.295e-06
4.76074304224 1.55160427564 -1.935e-06
4.7610901075 1.54461894112 -2.16e-06
4.7614347344 1.53763348581 -1.98e-06
4.76177686092 1.53069060504 -1.89e-06
4.76212780693 1.52357736774 -1.845e-06
4.76246953201 1.51663446722 -1.935e-06
4.7628117205 1.50964889203 -1.8e-06
4.76315472675 1.502663357 -1.53e-06
4.76361025778 1.49337768627 -1.44e-06
4.76406500078 1.48409197692 -1.395e-06
4.76440597005 1.47710634225 -1.305e-06
4.7647486145 1.47007809239 -1.35e-06
4.76509456968 1.46300730734 -1.26e-06
4.76544886856 1.45576614237 -1.44e-06
4.76580900333 1.4483971718 -1.44e-06
4.76617449075 1.44090037194 -1.17e-06
4.76653210283 1.43357397496 -1.215e-06
4.76688470669 1.42633272721 -1.17e-06
4.76736400004 1.4164931575 -8.1e-07
4.7675936811 1.41176502197 -1.17e-06
4.76795501526 1.40435341302 -1.26e-06
4.76831011951 1.39706959044 -1.215e-06
4.76867023198 1.3897006187 -1.125e-06
4.76902537836 1.38245949519 -1.17e-06
4.76938093363 1.37521839173 -1.17e-06
4.76973942045 1.36793473487 -1.485e-06
4.77009288422 1.36073622613 -1.17e-06
4.77044507424 1.35358035235 -1.35e-06
4.77080609118 1.34625412233 -1.35e-06
4.77117168021 1.33880002446 -1.845e-06
4.77152805572 1.33151626397 -1.575e-06
4.77189782031 1.32397697628 -1.575e-06
4.77226592459 1.31648030446 -1.71e-06
4.77250810759 1.31153929509 -1.98e-06
4.77287774828 1.30395730432 -1.98e-06
4.77324278964 1.29646048276 -2.16e-06
4.77360771448 1.28892095932 -2.07e-06
4.77408388038 1.27903854204 -2.16e-06
4.77456840242 1.26902844111 -2.52e-06
4.77505203977 1.25901829736 -2.43e-06
4.77542109559 1.25139358186 -2.745e-06
4.77578484337 1.24389669742 -2.97e-06
4.77615095272 1.23631453534 -3.15e-06
4.77651251478 1.22881754514 -3.15e-06
4.77749482044 1.21867142162 -3.465e-06
4.78184672993 1.21219463406 -3.42e-06
4.78222098636 1.20457017205 -3.645e-06
4.78260105432 1.19681790318 -3.555e-06
4.7829744335 1.18919339819 -3.78e-06
4.78334287096 1.18169674276 -3.78e-06
4.78331569032 1.18225047464 -3.825e-06
4.78352222352 1.17752128196 -3.96e-06
4.78383582862 1.1692112352 -3.915e-06
4.78401401773 1.16375545306 -4.095e-06
4.7842820199 1.15527312362 -4.05e-06
4.78453520373 1.14725966798 -4.68e-06
4.78474198551 1.13984214286 -4.725e-06
4.78490393927 1.133063358 -4.455e-06
4.78505984524 1.12602848859 -4.95e-06
4.7852079611 1.11882283047 -4.905e-06
4.78535473154 1.11136121612 -4.68e-06
4.78550153151 1.10394225669 -4.95e-06
4.78564071787 1.09665111171 -5.13e-06
4.78581438729 1.08701467109 -5.13e-06
4.78594125731 1.07972330125 -5.4e-06
4.78606855152 1.07243193878 -5.13e-06
4.78623606767 1.06253947514 -5.58e-06
4.78635944857 1.05499213393 -5.355e-06
4.7864395271 1.04991788655 -5.535e-06
4.78644192406 1.04978997022 -5.49e-06
4.78651351173 1.04612311021 -5.4e-06
4.7866499339 1.04045284384 -5.535e-06
4.78689509495 1.03316449828 -5.76e-06
4.78715495413 1.02549261007 -5.76e-06
4.78742972612 1.01790659032 -5.58e-06
4.7876915543 1.01113092765 -5.625e-06
4.78795464932 1.00456870895 -5.895e-06
4.78822300118 0.998049385684 -5.76e-06
4.78849944884 0.991359666743 -5.76e-06
4.78878500367 0.984499594559 -5.76e-06
4.78908011686 0.977554557049 -5.895e-06
4.78936972838 0.970822708917 -5.985e-06
4.78965896066 0.964090844457 -6.075e-06
4.78996759063 0.956975645621 -5.895e-06
4.79027580154 0.949945801858 -5.985e-06
4.79075857807 0.939172835548 -6.12e-06
4.79113915058 0.930615431236 -5.715e-06
4.79146184144 0.923287413154 -5.985e-06
4.79178351872 0.916002037811 -5.895e-06
4.79208228574 0.909270589841 -6.255e-06
4.79239960645 0.902241151201 -5.895e-06
4.79283360586 0.892698301169 -6.03e-06
4.79326281211 0.88336868513 -6.255e-06
4.79359393026 0.876254497284 -6.03e-06
4.79363551552 0.875359896275 -6.03e-06
4.79370124295 0.873954112925 -6.075e-06
4.79394538218 0.867945980805 -5.985e-06
4.79410611012 0.863385698578 -5.895e-06
4.79435904892 0.854732250747 -6.12e-06
4.7945852927 0.846973969388 -5.985e-06
4.79486353997 0.837510637405 -6.075e-06
4.79511692237 0.828942528407 -6.075e-06
4.79532005112 0.822036856122 -5.76e-06
4.79552653219 0.815003289036 -6.12e-06
4.7957426492 0.807714018592 -6.03e-06
4.79594991001 0.800723139061 -5.895e-06
4.7961596884 0.793647004605 -6.03e-06
4.79636902929 0.786528192744 -5.85e-06
4.79657552812 0.779409297781 -6.03e-06
4.79678077702 0.772290366599 -5.85e-06
4.79698478343 0.765171399703 -6.03e-06
4.79718187975 0.75822288931 -5.94e-06
4.79738581459 0.7510185937 -5.67e-06
4.79765081853 0.74155488153 -5.805e-06
4.79778110192 0.736865626179 -5.895e-06
4.79797883021 0.729703819752 -6.03e-06
4.79817572518 0.72254199039 -5.76e-06
4.79837378967 0.715337531023 -5.895e-06
4.79856854319 0.708132981469 -6.075e-06
4.79876387235 0.70084312436 -5.67e-06
4.79895948562 0.693510613563 -5.895e-06
4.79915166879 0.686178012112 -5.805e-06
4.79940279572 0.676500617928 -5.94e-06
4.79899717578 0.64901918643 -5.76e-06
4.79899629609 0.6490618234 -5.49e-06
4.7989926136 0.649232367954 -5.67e-06
4.79899202566 0.649019162791 -5.805e-06
4.79899732269 0.64918983674 -5.67e-06
4.79903640442 0.649399436031 -5.895e-06
4.79903431236 0.649400051086 -5.805e-06
4.79904740715 0.649440709391 -5.625e-06
4.79906597341 0.649479101823 -5.715e-06
4.79913561321 0.649586414161 -5.76e-06
4.79918867876 0.649653179229 -5.76e-06
4.79918867876 0.649653179229 -6.03e-06
4.79921932479 0.649682878254 -5.67e-06
4.79911734229 0.64960572587 -5.625e-06
4.7992247506 0.649675181206 -5.715e-06
4.79929790621 0.649719130718 -5.67e-06
4.79949273046 0.649805749767 -5.805e-06
4.79961423642 0.649845672455 -5.67e-06
4.79978053106 0.649883459847 -5.76e-06
4.79965390144 0.649865500736 -5.4e-06
4.79990405822 0.651794181301 -5.67e-06
4.7995424711 0.655237108541 -5.715e-06
4.79975234323 0.655199696234 -5.535e-06
4.79797493132 0.656724572377 -5.805e-06
4.79319504774 0.660917313529 -5.76e-06
4.79185023782 0.661083635451 -5.76e-06
4.78539612754 0.661960514293 -5.58e-06
4.78539609737 0.661960527832 -5.85e-06
4.78356709039 0.65960725573 -5.625e-06
4.78359884553 0.65957825242 -5.67e-06
4.78370434228 0.65817785885 -5.76e-06
4.78368794447 0.65821729605 -5.625e-06
4.78023827011 0.656765878674 -5.67e-06
4.77809749151 0.655968800271 -5.76e-06
4.7780160347 0.656121501832 -5.535e-06
4.77273196631 0.654489575413 -5.625e-06
4.7727312422 0.654446970035 -5.985e-06
4.77790004395 0.654586783292 -5.67e-06
4.78134734787 0.654674520612 -5.67e-06
4.78138491325 0.654943096281 -5.535e-06
4.7803299796 0.654088000759 -5.67e-06
4.78034811787 0.654171341754 -5.535e-06
4.78543921781 0.655315565254 -5.76e-06
4.785656335 0.655439743619 -5.805e-06
4.78778313896 0.655821026999 -5.58e-06
4.79114908899 0.65639024377 -5.715e-06
4.79115678055 0.656432190461 -5.67e-06
4.79354623915 0.656846723752 -5.625e-06
4.79286899557 0.656857181702 -5.49e-06
4.79122699513 0.65662924132 -5.49e-06
4.7908284623 0.656481797754 -5.58e-06
4.79000304682 0.656323401331 -5.715e-06
4.78503631171 0.654567120664 -5.58e-06
4.78505432755 0.654693784084 -5.715e-06
4.78506564501 0.654778321944 -5.58e-06
4.78509305314 0.6549897831 -5.76e-06
4.78510853056 0.655116781239 -5.715e-06
4.785122877 0.655243912589 -5.535e-06
4.78512298062 0.655243901524 -5.67e-06
4.78513554315 0.655371220827 -5.67e-06
4.78513180027 0.655328739349 -5.49e-06
4.78513180027 0.655328739349 -5.805e-06
4.78555925091 0.661198342465 -5.67e-06
4.78605564096 0.66860212219 -5.715e-06
4.78671866124 0.678687462939 -5.625e-06
4.78716381531 0.685752694916 -5.67e-06
4.78759915664 0.692733083845 -5.355e-06
4.78802585896 0.699585824556 -5.625e-06
4.78842807006 0.706140987378 -5.58e-06
4.78885525438 0.713121880388 -5.67e-06
4.78942077982 0.72240150149 -5.715e-06
4.78998106749 0.731681440408 -5.76e-06
4.79039498367 0.738577688934 -5.76e-06
4.79081380853 0.745644531973 -5.67e-06
4.79123098388 0.752711472577 -5.67e-06
4.79165692322 0.759991496329 -5.985e-06
4.7920658376 0.766973483346 -5.94e-06
4.7924842812 0.774168507269 -5.85e-06
4.79302639884 0.78362039481 -5.76e-06
4.79344005507 0.790901126751 -5.805e-06
4.79396827855 0.800268374593 -5.805e-06
4.79437151709 0.80750697924 -5.985e-06
4.79489269433 0.816917333736 -6.03e-06
4.79528745571 0.824070985242 -6.12e-06
4.79567804034 0.831224866107 -5.805e-06
4.79606655141 0.838378859857 -5.895e-06
4.79645296658 0.845532967122 -6.03e-06
4.79683584537 0.852644557082 -6.12e-06
4.79722391511 0.859883990791 -6.12e-06
4.79760040342 0.866953215809 -5.895e-06
4.79799641859 0.874405759077 -6.255e-06
4.7983911256 0.881858371665 -6.12e-06
4.79890894267 0.891738694061 -6.12e-06
4.79929485978 0.899106359463 -6.03e-06
4.79980258022 0.908859096332 -6.39e-06
4.80018600561 0.916269595247 -6.075e-06
4.80056549307 0.92363759462 -6.12e-06
4.80107038382 0.933518585953 -6.03e-06
4.8014360372 0.940716485704 -5.94e-06
4.80163907932 0.944762768793 -6.12e-06
4.80166568495 0.945273829063 -5.985e-06
4.80203622006 0.951489110042 -5.625e-06
4.80240857787 0.95727700007 -5.895e-06
4.80291396232 0.96472292338 -5.985e-06
4.80364892895 0.975316321524 -5.985e-06
4.80436121231 0.985184528572 -5.985e-06
4.80488860399 0.992115795389 -5.805e-06
4.80542944601 0.999088803628 -5.895e-06
4.80599344391 1.00631665951 -5.445e-06
4.80655115471 1.01341667814 -5.715e-06
4.8071242595 1.02077215063 -5.625e-06
4.80768201798 1.02791494226 -5.265e-06
4.80824936253 1.03514253651 -5.535e-06
4.80861286883 1.03977672044 -5.445e-06
4.80919066336 1.04713182608 -5.175e-06
4.80994139559 1.05665499477 -5.355e-06
4.81051505056 1.06392487029 -5.04e-06
4.80717434555 1.07158206282 -5.13e-06
4.80312672971 1.07918134787 -4.725e-06
4.8037138063 1.08645015177 -4.77e-06
4.8042922743 1.09359129609 -4.815e-06
4.80488527102 1.10085961921 -4.545e-06
4.8054868692 1.1081700268 -4.59e-06
4.80631056344 1.11815794007 -4.365e-06
4.80712451743 1.12797549221 -4.32e-06
4.80773902629 1.13532762145 -3.96e-06
4.80834939543 1.14259450659 -3.87e-06
4.80918682569 1.15249568316 -3.735e-06
4.80982055273 1.15993178566 -3.33e-06
4.81045152372 1.16732532235 -3.645e-06
4.81108332531 1.17471878806 -3.195e-06
4.81173275147 1.18228195297 -3.15e-06
4.81238071927 1.18980243983 -3.15e-06
4.81302309324 1.19723780035 -2.925e-06
4.81367497642 1.20475794876 -2.745e-06
4.81411220501 1.20977115155 -2.835e-06
4.81499541494 1.21988240943 -2.61e-06
4.81565016254 1.22735950076 -2.61e-06
4.81631038015 1.23487892202 -2.295e-06
4.81696643273 1.24235589896 -2.295e-06
4.81741596566 1.2474536421 -1.98e-06
4.8180894068 1.25505752042 -1.98e-06
4.81876083301 1.26261876403 -1.44e-06
4.81945089123 1.27034960755 -1.575e-06
4.82012379431 1.27786790432 -1.485e-06
4.82082846774 1.2857258895 -1.26e-06
4.82151429696 1.29332866044 -1.035e-06
4.82220911585 1.30101625881 -1.26e-06
4.82291044952 1.30874608769 -1.035e-06
4.82361494094 1.31647562931 -9.9e-07
4.82431915148 1.32416237306 -9.45e-07
4.82502634099 1.33189166846 -6.75e-07
4.82596876416 1.34216889122 -4.95e-07
4.82667878558 1.34985510037 -4.5e-07
4.82740148697 1.35766862102 -5.4e-07
4.82836394292 1.36802964943 -6.3e-07
4.8290850884 1.37575765522 -4.95e-07
4.82893143518 1.38445279437 -6.75e-07
4.82777267835 1.38947865833 -4.95e-07
4.82851332254 1.39720481971 -4.05e-07
4.82927523264 1.40514315022 -1.35e-07
4.83002535675 1.4129540858 -3.6e-07
4.83078685742 1.42084961273 -2.7e-07
4.83154518511 1.42870260164 -2.7e-07
4.8325425679 1.43897463645 -4.95e-07
4.8335572558 1.44937352958 -4.95e-07
4.83434040781 1.45735264464 -3.6e-07
4.8351096302 1.46516172263 -4.05e-07
4.83554120527 1.46953301227 -4.05e-07
4.83556225619 1.46974520083 -7.2e-07
4.83596549677 1.47420483102 -7.2e-07
4.8365347588 1.48091879619 -5.4e-07
4.83689496004 1.48568154768 -5.4e-07
4.83747566151 1.49350690297 -6.3e-07
4.83784263331 1.49852573729 -8.55e-07
4.83840437738 1.50639523091 -5.4e-07
4.83893098406 1.51401068226 -6.75e-07
4.83937132091 1.52094802038 -8.1e-07
4.8397943417 1.52788644218 -9e-07
4.83974522614 1.52707765724 -7.2e-07
4.83982145016 1.52822657109 -9.9e-07
4.84036466149 1.53562705026 -8.55e-07
4.84073533166 1.54000391707 -5.4e-07
4.84130083029 1.54646140191 -9.9e-07
4.84195534276 1.55402412814 -5.85e-07
4.84259100658 1.56133165223 -9.9e-07
4.84320006806 1.56829903317 -8.1e-07
4.84374670925 1.57454412317 -9e-07
4.84452829045 1.58342281175 -9.9e-07
4.8453169653 1.59238649787 -1.125e-06
4.84593168413 1.59935338199 -1.08e-06
4.84652054824 1.60602286531 -1.035e-06
4.84712655706 1.61290489439 -8.1e-07
4.8477500007 1.61995663204 -1.125e-06
4.84728277121 1.64986539818 -1.17e-06
4.84727922136 1.64982290014 -9e-07
4.84727210683 1.64973790528 -1.125e-06
4.84728571218 1.64986520346 -1.08e-06
4.8472948909 1.65016359597 -1.17e-06
4.84729254357 1.65029173528 -1.35e-06
4.84728196476 1.65033324263 -1.17e-06
4.84727768006 1.65033215444 -1.35e-06
4.84727108009 1.65032990382 -1.215e-06
4.84733713615 1.65017271846 -1.395e-06
4.84733713615 1.65017271846 -1.44e-06
4.84733850199 1.6501736614 -1.125e-06
4.84733974262 1.65017477342 -1.305e-06
4.84724616821 1.65026197644 -1.44e-06
4.84731792463 1.65021532054 -1.485e-06
4.84721028104 1.65028401722 -1.395e-06
4.8471714885 1.65030180728 -1.62e-06
4.8471714885 1.65030180728 -1.53e-06
0 0 -1.53e-06
0 0 -1.53e-06
